1115 1399
1109 1383
1395 1658
1149 1307
1114 1144
1210 1385
1221 1307
1115 1221
1157 1179
1114 1191
1100 1295
1365 1629
1261 1363
1105 1221
1130 1164
1179 1295
1149 1365
1105 1191
1115 1625
1210 1401
1159 1365
1193 1305
1114 1210
1295 1702
1164 1365
1149 1391
1144 1393
1114 1181
1205 1625
1221 1295
1295 1416
1181 1209
1159 1191
1159 1181
1114 1399
1210 1245
1295 1393
1109 1144
1130 1547
1221 1261
1115 1196
1164 1383
1193 1207
1190 1378
1108 1393
1130 1157
1261 1374
1109 1701
1221 1401
1190 1205
1485 1547
1221 1260
1190 1307
1181 1352
1149 1395
1098 1190
1164 1702
1148 1168
1207 1393
1416 1485
1098 1261
1190 1374
1114 1320
1205 1784
1295 1320
1246 1305
1114 1168
1210 1362
1130 1205
1362 1485
1108 1210
1232 1391
1149 1671
1207 1307
1109 1196
1157 1221
1261 1469
1202 1205
1221 1701
1115 1148
1238 1363
1157 1658
1115 1205
1193 1393
1202 1460
1098 1159
1114 1393
1191 1363
1100 1352
1152 1191
1202 1769
1100 1207
1365 1393
1149 1460
1144 1168
1181 1769
1202 1221
1157 1168
1190 1196
1246 1323
1209 1629
1157 1373
1105 1383
1181 1629
1190 1547
1108 1320
1202 1352
1114 1401
1157 1305
1115 1352
1202 1393
1157 1232
1191 1352
1164 1769
1181 1238
1144 1395
1210 1365
1164 1320
1295 1374
1260 1362
1159 1209
1245 1363
1207 1295
1295 1660
1164 1701
1105 1378
1115 1193
1109 1327
1181 1207
1114 1416
1179 1193
1196 1395
1238 1365
1209 1221
1115 1142
1142 1232
1109 1362
1148 1385
1221 1702
1207 1332
1193 1362
1159 1210
1105 1307
1260 1307
1383 1613
1260 1401
1109 1210
1164 1393
1130 1295
1261 1485
1245 1658
1114 1205
1148 1702
1109 1295
1109 1205
1401 1629
1157 1374
1207 1365
1207 1221
1238 1378
1245 1385
1157 1295
1164 1181
1116 1383
1191 1332
1205 1210
1181 1535
1148 1210
1261 1625
1190 1377
1196 1209
1164 1205
1098 1116
1142 1157
1210 1395
1144 1181
1108 1391
1149 1159
1207 1362
1202 1261
1246 1327
1238 1383
1164 1525
1115 1191
1181 1702
1205 1383
1190 1295
1159 1625
1613 1485
1114 1142
1157 1401
1305 1383
1205 1658
1142 1295
1210 1660
1469 1658
1159 1701
1190 1485
1130 1260
1142 1547
1115 1395
1098 1260
1115 1207
1190 1323
1115 1149
1196 1221
1098 1130
1114 1207
1352 1658
1181 1385
1142 1207
1238 1352
1157 1383
1148 1460
1157 1629
1148 1179
1246 1365
1295 1365
1115 1362
1130 1159
1190 1260
1098 1142
1108 1385
1205 1629
1245 1378
1365 1658
1144 1221
1109 1535
1190 1365
1202 1378
1109 1245
1378 1613
1157 1193
1246 1399
1149 1207
1209 1260
1100 1108
1168 1245
1261 1769
1105 1144
1164 1469
1232 1365
1260 1784
1168 1385
1148 1377
1260 1383
1205 1327
1144 1205
1098 1114
1115 1377
1245 1374
1391 1658
1144 1702
1210 1547
1193 1363
1179 1401
1261 1395
1164 1191
1109 1374
1181 1395
1115 1320
1221 1625
1205 1295
1245 1395
1168 1260
1196 1323
1245 1362
1157 1362
1181 1261
1209 1378
1260 1469
1164 1210
1205 1416
1105 1232
1157 1164
1307 1660
1100 1205
1100 1159
1105 1149
1115 1660
1307 1613
1098 1658
1142 1383
1196 1374
1108 1205
1144 1625
1115 1393
1181 1232
1149 1374
1116 1365
1109 1179
1260 1378
1142 1202
1164 1547
1261 1701
1157 1363
1109 1157
1114 1377
1159 1202
1260 1629
1098 1547
1152 1168
1179 1393
1193 1535
1105 1164
1320 1769
1159 1323
1202 1547
1149 1416
1181 1658
1098 1416
1115 1307
1148 1191
1295 1701
1108 1365
1193 1209
1202 1401
1157 1261
1205 1469
1164 1209
1210 1629
1401 1660
1190 1202
1207 1245
1157 1365
1114 1152
1114 1202
1295 1323
1144 1191
1221 1660
1142 1416
1149 1393
1115 1701
1164 1196
1401 1613
1383 1625
1207 1320
1295 1395
1149 1245
1144 1159
1114 1157
1144 1209
1191 1295
1098 1671
1144 1658
1116 1352
1098 1660
1144 1671
1109 1232
1116 1179
1469 1485
1658 1702
1179 1232
1108 1144
1115 1658
1164 1221
1098 1701
1485 1784
1149 1152
1149 1179
1098 1769
1109 1629
1142 1179
1190 1460
1114 1116
1100 1373
1196 1393
1116 1399
1149 1181
1114 1702
1181 1327
1098 1115
1191 1365
1148 1260
1149 1196
1207 1323
1207 1385
1295 1391
1108 1702
1210 1383
1362 1613
1157 1378
1190 1305
1130 1658
1193 1295
1142 1385
1098 1352
1362 1629
1164 1377
1246 1378
1190 1221
1144 1363
1149 1205
1246 1383
1142 1365
1205 1245
1148 1701
1210 1307
1193 1416
1116 1393
1193 1625
1295 1399
1191 1209
1191 1207
1130 1210
1115 1702
1098 1395
1108 1149
1149 1352
1144 1202
1385 1613
1157 1660
1159 1658
1260 1658
1205 1352
1232 1658
1100 1191
1098 1460
1144 1245
1098 1320
1114 1305
1205 1374
1261 1416
1105 1114
1202 1365
1365 1401
1098 1525
1149 1164
1196 1658
1116 1320
1295 1625
1210 1260
1100 1625
1116 1164
1179 1391
1196 1460
1193 1378
1205 1393
1109 1142
1207 1395
1130 1168
1193 1374
1100 1164
1629 1702
1245 1383
1190 1671
1168 1207
1179 1658
1193 1469
1105 1179
1109 1395
1142 1149
1460 1784
1157 1702
1144 1232
1385 1658
1159 1168
1157 1245
1157 1181
1295 1401
1105 1205
1109 1393
1116 1190
1193 1395
1246 1332
1525 1658
1193 1460
1142 1378
1164 1193
1130 1191
1460 1658
1149 1378
1168 1378
1148 1221
1157 1159
1190 1210
1181 1416
1383 1658
1193 1221
1179 1181
1115 1179
1660 1702
1191 1385
1191 1395
1191 1210
1098 1391
1168 1525
1100 1210
1114 1378
1485 1702
1115 1378
1108 1157
1164 1261
1295 1307
1191 1205
1207 1327
1205 1378
1363 1658
1378 1625
1245 1320
1221 1525
1196 1327
1210 1393
1144 1260
1115 1157
1207 1399
1209 1210
1246 1393
1164 1460
1196 1469
1164 1168
1179 1327
1196 1261
1109 1391
1202 1245
1109 1115
1130 1401
1114 1383
1098 1332
1098 1157
1098 1152
1148 1164
1179 1352
1115 1245
1142 1401
1207 1378
1108 1164
1148 1209
1181 1202
1246 1374
1109 1378
1098 1191
1238 1246
1362 1625
1221 1469
1115 1385
1179 1385
1193 1327
1190 1193
1164 1207
1179 1205
1100 1193
1109 1168
1142 1658
1383 1485
1193 1323
1115 1260
1152 1209
1159 1362
1116 1305
1377 1395
1196 1629
1100 1702
1130 1209
1238 1374
1159 1245
1179 1702
1193 1232
1149 1260
1098 1164
1142 1625
1115 1365
1105 1193
1159 1207
1207 1209
1142 1159
1109 1320
1164 1179
1196 1363
1152 1374
1109 1401
1295 1383
1190 1416
1108 1109
1142 1307
1164 1202
1210 1352
1629 1660
1164 1327
1149 1383
1320 1658
1149 1327
1115 1383
1115 1327
1295 1305
1246 1391
1100 1115
1098 1149
1295 1784
1115 1535
1144 1365
1232 1702
1221 1362
1108 1181
1190 1191
1209 1295
1363 1460
1116 1193
1144 1769
1245 1260
1179 1395
1168 1181
1179 1245
1207 1363
1114 1323
1205 1535
1149 1202
1307 1629
1196 1210
1148 1625
1108 1245
1179 1320
1114 1260
1261 1391
1179 1221
1205 1485
1378 1485
1144 1179
1246 1352
1105 1159
1179 1769
1191 1260
1108 1193
1629 1671
1115 1469
1130 1221
1246 1395
1210 1391
1190 1232
1108 1362
1193 1261
1168 1660
1191 1245
1109 1365
1157 1260
1191 1221
1142 1205
1098 1209
1109 1769
1320 1625
1144 1157
1130 1149
1100 1658
1181 1205
1100 1114
1148 1660
1295 1629
1365 1625
1149 1221
1098 1105
1246 1363
1159 1193
1115 1323
1327 1395
1210 1701
1114 1196
1144 1660
1238 1391
1115 1209
1144 1210
1221 1245
1098 1629
1190 1395
1245 1307
1202 1784
1164 1658
1181 1393
1159 1295
1378 1629
1168 1210
1196 1385
1179 1363
1190 1701
1245 1352
1105 1109
1115 1159
1193 1399
1148 1245
1352 1613
1159 1221
1193 1210
1159 1660
1168 1209
1202 1362
1365 1660
1149 1702
1416 1613
1191 1261
1115 1391
1207 1260
1365 1613
1193 1202
1190 1629
1116 1378
1190 1393
1210 1784
1108 1352
1144 1207
1193 1205
1391 1613
1109 1207
1149 1362
1179 1207
1168 1221
1383 1660
1157 1701
1164 1260
1142 1210
1108 1148
1205 1221
1210 1295
1130 1365
1157 1671
1202 1363
1352 1485
1098 1625
1232 1629
1207 1391
1115 1210
1115 1374
1098 1377
1109 1658
1142 1164
1114 1365
1109 1114
1108 1191
1149 1385
1098 1232
1148 1374
1221 1365
1142 1352
1625 1658
1159 1373
1100 1109
1115 1460
1210 1399
1114 1629
1130 1196
1098 1193
1196 1260
1196 1391
1144 1378
1098 1196
1144 1152
1164 1232
1098 1179
1144 1547
1130 1769
1164 1332
1181 1245
1625 1702
1109 1181
1179 1210
1232 1401
1179 1378
1108 1629
1179 1196
1193 1352
1193 1391
1115 1144
1260 1385
1109 1352
1401 1625
1221 1395
1193 1485
1098 1393
1116 1261
1205 1385
1105 1116
1164 1401
1098 1181
1149 1629
1142 1144
1108 1295
1193 1701
1115 1295
1130 1190
1115 1416
1109 1202
1130 1629
1100 1327
1238 1393
1152 1157
1108 1363
1196 1205
1207 1305
1100 1383
1320 1365
1149 1660
1205 1307
1209 1769
1196 1245
1109 1377
1362 1658
1114 1190
1098 1327
1144 1391
1261 1352
1164 1190
1098 1109
1116 1295
1144 1469
1378 1658
1207 1658
1168 1190
1193 1260
1327 1658
1144 1374
1205 1363
1207 1352
1105 1320
1115 1130
1116 1196
1181 1191
1148 1395
1193 1385
1105 1202
1190 1625
1114 1130
1295 1327
1157 1352
1142 1701
1114 1179
1191 1196
1152 1365
1116 1142
1190 1385
1142 1485
1142 1702
1307 1625
1115 1401
1148 1378
1157 1320
1108 1115
1191 1362
1205 1391
1115 1232
1202 1702
1105 1210
1221 1416
1105 1362
1245 1391
1098 1144
1363 1485
1193 1365
1245 1365
1210 1625
1191 1373
1181 1625
1157 1210
1613 1625
1098 1221
1159 1378
1658 1784
1100 1365
1130 1144
1365 1485
1114 1658
1109 1193
1108 1207
1108 1260
1098 1205
1100 1144
1109 1260
1658 1701
1152 1193
1196 1378
1098 1374
1164 1373
1365 1769
1109 1149
1142 1181
1168 1191
1202 1416
1207 1373
1142 1261
1179 1261
1157 1784
1144 1377
1196 1383
1098 1365
1105 1196
1232 1295
1179 1365
1157 1207
1164 1245
1109 1625
1191 1193
1196 1320
1157 1209
1108 1327
1157 1391
1164 1363
1105 1207
1098 1373
1245 1377
1191 1327
1193 1658
1109 1159
1202 1625
1157 1190
1181 1190
1164 1395
1144 1332
1109 1307
1114 1115
1148 1391
1148 1365
1149 1295
1190 1658
1210 1769
1109 1164
1152 1159
1142 1460
1181 1671
1100 1395
1207 1383
1148 1658
1391 1671
1260 1660
1210 1702
1373 1769
1148 1295
1205 1207
1114 1307
1238 1399
1207 1377
1142 1221
1144 1196
1193 1196
1148 1157
1238 1327
1115 1164
1130 1232
1209 1391
1098 1383
1193 1769
1159 1702
1157 1205
1159 1261
1613 1701
1130 1660
1232 1460
1114 1193
1098 1295
1144 1629
1115 1190
1525 1535
1181 1193
1232 1769
1148 1181
1179 1374
1109 1460
1469 1660
1196 1365
1181 1383
1100 1245
1210 1378
1658 1769
1221 1658
1168 1658
1098 1362
1142 1320
1232 1383
1307 1378
1660 1769
1105 1142
1295 1378
1205 1460
1629 1658
1105 1393
1109 1399
1260 1373
1232 1625
1098 1702
1210 1374
1159 1391
1157 1191
1164 1378
1130 1202
1148 1159
1164 1374
1114 1245
1114 1671
1108 1383
1164 1352
1108 1159
1202 1383
1221 1378
1202 1327
1210 1377
1159 1179
1232 1378
1157 1202
1295 1671
1196 1307
1261 1327
1142 1193
1181 1295
1205 1613
1660 1784
1210 1332
1547 1629
1109 1305
1202 1391
1098 1401
1114 1295
1164 1295
1307 1485
1179 1625
1202 1210
1130 1193
1148 1193
1260 1460
1098 1202
1159 1260
1108 1395
1196 1305
1098 1210
1100 1157
1152 1196
1193 1245
1149 1157
1159 1205
1164 1625
1149 1210
1157 1625
1179 1701
1109 1221
1130 1378
1149 1232
1159 1164
1205 1395
1159 1460
1193 1383
1109 1469
1210 1305
1202 1374
1108 1114
1391 1485
1202 1207
1460 1485
1238 1305
1401 1658
1109 1416
1401 1485
1261 1460
1383 1702
1142 1391
1295 1362
1181 1210
1179 1202
1383 1629
1144 1148
1098 1100
1100 1385
1114 1149
1115 1629
1098 1378
1144 1193
1144 1149
1190 1261
1105 1295
1179 1190
1144 1164
1115 1181
1196 1202
1202 1469
1210 1221
1130 1385
1238 1395
1098 1245
1098 1207
1202 1295
1108 1658
1100 1362
1164 1391
1109 1702
1190 1469
1114 1164
1115 1363
1181 1701
1098 1168
1159 1383
1210 1327
1190 1209
1115 1547
1144 1190
1210 1658
1159 1769
1193 1401
1152 1205
1098 1148
1157 1307
1196 1352
1260 1295
1535 1658
1207 1374
1142 1190
1547 1658
1202 1232
1179 1377
1260 1395
1149 1190
1191 1374
1105 1245
1191 1391
1190 1784
1114 1148
1149 1168
1130 1460
1098 1108
1232 1547
1295 1658
1613 1702
1193 1613
1207 1210
1144 1295
1625 1485
1196 1207
1205 1769
1157 1196
1109 1190
1148 1149
1535 1629
1245 1295
1149 1363
1130 1207
1181 1391
1179 1191
1109 1246
1260 1365
1100 1391
1196 1295
1190 1391
1149 1658
1109 1191
1142 1769
1295 1547
